#FIG 3.2
Landscape
Center
Inches
Letter  
100.00
Single
-2
1200 2
2 2 0 1 0 7 0 0 -1 0.000 0 0 -1 0 0 5
	 900 3300 1425 3300 1425 2775 900 2775 900 3300
2 2 0 1 0 7 0 0 -1 0.000 0 0 -1 0 0 5
	 1425 3300 1950 3300 1950 2775 1425 2775 1425 3300
2 2 0 1 0 7 0 0 -1 0.000 0 0 -1 0 0 5
	 1950 3300 2475 3300 2475 2775 1950 2775 1950 3300
2 2 0 1 0 7 0 0 -1 0.000 0 0 -1 0 0 5
	 2475 3300 3000 3300 3000 2775 2475 2775 2475 3300
2 2 0 1 0 7 0 0 -1 0.000 0 0 -1 0 0 5
	 900 2775 1425 2775 1425 2250 900 2250 900 2775
2 2 0 1 0 7 0 0 -1 0.000 0 0 -1 0 0 5
	 1425 2775 1950 2775 1950 2250 1425 2250 1425 2775
2 2 0 1 0 7 0 0 -1 0.000 0 0 -1 0 0 5
	 1950 2775 2475 2775 2475 2250 1950 2250 1950 2775
2 2 0 1 0 7 0 0 -1 0.000 0 0 -1 0 0 5
	 2475 2775 3000 2775 3000 2250 2475 2250 2475 2775
2 2 0 1 0 7 0 0 -1 0.000 0 0 -1 0 0 5
	 2475 2250 3000 2250 3000 1725 2475 1725 2475 2250
2 2 0 1 0 7 0 0 -1 0.000 0 0 -1 0 0 5
	 1950 2250 2475 2250 2475 1725 1950 1725 1950 2250
2 2 0 1 0 7 0 0 -1 0.000 0 0 -1 0 0 5
	 1425 2250 1950 2250 1950 1725 1425 1725 1425 2250
2 2 0 1 0 7 0 0 -1 0.000 0 0 -1 0 0 5
	 900 2250 1425 2250 1425 1725 900 1725 900 2250
2 2 0 1 0 7 0 0 -1 0.000 0 0 -1 0 0 5
	 900 1725 1425 1725 1425 1200 900 1200 900 1725
2 2 0 1 0 7 0 0 -1 0.000 0 0 -1 0 0 5
	 1425 1725 1950 1725 1950 1200 1425 1200 1425 1725
2 2 0 1 0 7 0 0 -1 0.000 0 0 -1 0 0 5
	 1950 1725 2475 1725 2475 1200 1950 1200 1950 1725
2 2 0 1 0 7 0 0 -1 0.000 0 0 -1 0 0 5
	 2475 1725 3000 1725 3000 1200 2475 1200 2475 1725
2 1 0 1 0 7 0 0 -1 0.000 0 0 -1 1 0 2
	1 1 1.00 60.00 120.00
	 3000 3300 3300 3300
2 1 0 1 0 7 0 0 -1 0.000 0 0 -1 1 0 2
	1 1 1.00 60.00 120.00
	 900 1200 900 900
2 1 0 1 0 7 0 0 -1 0.000 0 0 -1 0 0 2
	 3900 3300 6000 3300
2 2 0 1 0 7 0 0 -1 0.000 0 0 -1 0 0 5
	 3900 3000 6000 3000 6000 3300 3900 3300 3900 3000
2 2 0 1 0 7 0 0 -1 0.000 0 0 -1 0 0 5
	 3900 3000 6000 3000 6000 2400 3900 2400 3900 3000
2 2 0 1 0 7 0 0 -1 0.000 0 0 -1 0 0 5
	 3900 2400 6000 2400 6000 1200 3900 1200 3900 2400
2 1 0 1 0 7 0 0 -1 0.000 0 0 -1 0 0 2
	 4950 3000 4950 1200
2 1 0 1 0 7 0 0 -1 0.000 0 0 -1 0 0 2
	 5490 2400 5490 1200
2 1 0 1 0 7 0 0 -1 0.000 0 0 -1 0 0 2
	 4425 1200 4425 2400
2 1 0 1 0 7 0 0 -1 0.000 0 0 -1 1 0 2
	1 1 1.00 60.00 120.00
	 6000 3300 6300 3300
2 1 0 1 0 7 0 0 -1 0.000 0 0 -1 1 0 2
	1 1 1.00 60.00 120.00
	 3900 1200 3900 900
4 1 0 0 0 16 10 0.0000 4 120 1995 1950 900 Short time Fourier transform\001
4 1 0 0 0 16 10 0.0000 4 120 1275 4950 900 Wavelet transform\001
4 1 0 0 0 16 12 0.0000 4 180 225 1950 3600 (a)\001
4 1 0 0 0 16 12 0.0000 4 180 225 4950 3600 (b)\001
4 1 0 0 0 16 10 1.5708 4 150 705 825 1350 Frequency\001
4 1 0 0 0 16 10 1.5708 4 150 705 3825 1350 Frequency\001
4 1 0 0 0 16 10 0.0000 4 120 300 6300 3525 Time\001
4 1 0 0 0 16 10 0.0000 4 120 300 3300 3525 Time\001
