#FIG 3.2
Landscape
Center
Inches
Letter  
100.00
Single
-2
1200 2
2 5 0 1 0 -1 0 0 -1 0.000 0 0 -1 0 0 5
	0 Pentagon80_24_19bruynROC.eps
	 300 300 8668 300 8668 7068 300 7068 300 300
2 5 0 1 0 -1 0 0 -1 0.000 0 0 -1 0 0 5
	0 Pentagon80_24_19kochROC.eps
	 8775 300 17143 300 17143 7068 8775 7068 8775 300
2 5 0 1 0 -1 0 0 -1 0.000 0 0 -1 0 0 5
	0 Pentagon80_24_19xieROC.eps
	 17250 300 25618 300 25618 7068 17250 7068 17250 300
4 1 0 0 0 16 20 0.0000 4 270 345 4500 7500 (a)\001
4 1 0 0 0 16 20 0.0000 4 270 345 13050 7500 (b)\001
4 1 0 0 0 16 20 0.0000 4 270 330 21450 7500 (c)\001
