#FIG 3.2
Landscape
Center
Inches
Letter  
100.00
Single
-2
1200 2
2 5 0 1 0 -1 0 0 -1 0.000 0 0 -1 0 0 5
	0 fishingboat.jpg
	 1200 600 5025 600 5025 4425 1200 4425 1200 600
2 5 0 1 0 -1 0 0 -1 0.000 0 0 -1 0 0 5
	0 fishingboatBruyn.jpg
	 5400 600 9225 600 9225 4425 5400 4425 5400 600
2 5 0 1 0 -1 0 0 -1 0.000 0 0 -1 0 0 5
	0 fishingboatKoch.jpg
	 1200 4800 5025 4800 5025 8625 1200 8625 1200 4800
2 5 0 1 0 -1 0 0 -1 0.000 0 0 -1 0 0 5
	0 fishingboatXie.jpg
	 5400 4800 9225 4800 9225 8625 5400 8625 5400 4800
4 1 0 0 0 16 14 0.0000 4 210 270 3150 4650 (a)\001
4 1 0 0 0 16 14 0.0000 4 210 270 7350 4650 (b)\001
4 1 0 0 0 16 14 0.0000 4 210 270 3150 8850 (c)\001
4 1 0 0 0 16 14 0.0000 4 210 270 7350 8850 (d)\001
